15967192134

3310 english ping
1e 0c 00 02 00 30 01 08
00 10 02 1e 00 08 91 68
31 08 50 17 05 f0 10 1c
80 04 00 00 04 0d 91 68
51 69 17 29 31 f4 00 00
00 11 50 91 90 20 83 23
f0 b4 fb 0c 01 44 d3 01

3310 chinese ping
1e 0c 00 02 00 34 01 08
00 10 02 19 00 08 91 68
31 08 50 17 05 f0 10 1d
40 04 00 08 08 0d 91 68
51 69 17 29 31 f4 00 00
00 11 50 91 10 81 00 23
00 70 00 69 00 6e 00 67
01 46 17 00

3310 english ping
1e 0c 00 02 00 30 01 08
00 10 02 1b 00 08 91 68
31 08 50 17 05 f0 10 1a
80 04 00 00 04 0d 91 68
51 69 17 29 31 f4 ff ff
ff 11 50 91 10 33 82 23
f0 b4 fb 0c 01 43 52 e9

vedran ping
1e 0c 00 02 00 30 01 08
00 10 02 1a 00 08 91 68
31 08 50 17 05 f0 10 1c
40 04 00 00 04 0d 91 68
51 89 18 38 71 f4 ff ff
ff 11 50 91 10 42 92 23
f0 b4 fb 0c 01 40 cd 6d
