124 122 495 488 728      

124 122 495 488 728      

124 122 500 493 728      

124 122 504 498 728      

124 122 504 498 728      

124 122 504 498 728      

124 122 509 498 733      

124 122 509 498 738      

124 122 509 498 733      

124 122 504 493 728      

124 122 495 488 728      

124 122 495 488 728      

124 122 500 488 728      

124 122 504 488 733      

124 122 500 488 738      

124 122 500 488 733      

124 122 509 488 728      

124 122 504 488 728      

124 122 509 488 728      

124 122 518 488 728      

124 122 509 488 728      

124 122 504 488 728      

124 122 509 488 728      

124 122 504 493 733      

124 122 500 498 733      

124 122 500 493 728      

124 122 495 488 728      

124 122 491 488 728      

124 122 491 488 728      

124 122 486 488 728      

124 122 482 493 728      

124 122 486 493 728      

124 122 491 493 728      

124 122 482 498 728      

124 122 469 498 728      

124 122 460 503 728      

124 122 456 508 728      

124 122 451 508 723      

124 122 438 508 718      

124 122 433 508 718      

124 122 429 503 718      

124 122 415 498 718      

124 122 415 503 713      

124 122 411 508 708      

124 122 398 508 703      

124 122 394 508 698      

124 122 389 508 693      

124 122 376 508 688      

124 122 367 508 683      

124 122 371 508 678      

124 122 371 508 678      

124 122 358 508 678      

124 122 344 513 673      

124 122 340 518 662      

124 122 331 518 652      

124 122 331 518 642      

124 122 336 513 632      

124 122 323 508 627      

124 122 318 508 622      

124 122 323 508 612      

124 122 323 508 607      

124 122 318 508 602      

124 122 309 508 592      

124 122 309 508 587      

124 122 314 508 587      

124 122 314 508 582      

124 122 309 508 572      

124 122 305 508 567      

124 122 309 503 567      

124 122 309 503 561      

124 122 305 508 556      

124 122 300 508 556      

124 122 296 503 551      

124 122 300 498 546      

124 122 305 498 541      

124 122 305 498 536      

124 122 305 498 536      

124 122 300 498 531      

124 122 296 498 526      

124 122 296 498 526      

124 122 296 498 526      

124 122 296 498 526      

124 122 296 498 526      

124 122 296 498 526      

124 122 296 498 526      

124 122 300 498 526      

124 122 300 498 531      

124 122 296 498 536      

124 122 296 498 541      

124 122 291 498 546      

124 122 291 498 546      

124 122 296 498 546      

124 122 296 498 546      

124 122 300 498 551      

124 122 305 498 561      

124 122 300 498 567      

124 122 305 498 572      

124 122 318 498 577      

124 122 323 498 582      

124 122 318 498 587      

124 122 318 498 592      

124 122 323 498 602      

124 122 314 498 607      

124 122 322 498 617      

124 122 340 498 632      

124 122 340 498 637      

124 122 340 498 642      

124 122 349 498 647      

124 122 362 498 652      

124 122 362 498 662      

124 122 367 493 673      

124 122 376 488 678      

124 122 371 493 683      

124 122 376 498 693      

124 122 389 498 698      

124 122 398 498 698      

124 122 403 498 703      

124 122 411 498 708      

124 122 420 498 708      

124 122 420 498 708      

124 122 429 498 708      

124 122 433 498 713      

124 122 442 498 718      

124 122 460 498 718      

124 122 460 498 718      

124 122 460 493 718      

124 122 460 488 718      

124 122 456 488 718      

124 122 469 493 718      

124 122 482 498 723      

124 122 482 498 728      

124 122 486 498 728      

124 122 495 498 728      

124 122 504 493 728      

124 122 504 493 728      

124 122 500 498 728      

124 122 491 498 728      

124 122 491 498 728      

124 122 500 498 728      

124 122 504 498 728      

124 122 513 498 728      

124 122 513 498 728      

124 122 513 498 728      

124 122 509 498 728      

124 122 509 498 728      

124 122 518 498 728      

124 122 513 493 723      

124 122 504 488 718      

124 122 500 493 723      

124 122 495 498 728      

124 122 495 498 728      

124 122 500 493 728      

124 122 500 493 728      

124 122 504 493 728      

124 122 509 488 728      

124 122 509 493 728      

124 122 509 493 728      

124 122 500 488 728      

124 122 500 493 728      

124 122 500 498 728      

124 122 491 498 728      

124 122 486 498 728      

124 122 482 498 728      

124 122 482 498 728      

124 122 482 498 728      

124 122 482 498 728      

124 122 473 503 728      

124 122 465 508 728      

124 122 465 508 723      

124 122 451 508 718      

124 122 438 508 718      

124 122 438 503 718      

124 122 438 498 718      

124 122 429 498 718      

124 122 424 498 718      

124 122 429 498 718      

124 122 416 498 713      

124 122 403 498 708      

124 122 398 498 708      

124 122 394 498 708      

124 122 385 498 703      

124 122 376 498 698      

124 122 376 498 693      

124 122 371 498 688      

124 122 362 503 683      

124 122 358 508 678      

124 122 353 503 673      

124 122 344 503 662      

124 122 340 503 657      

124 122 340 498 652      

124 122 336 498 647      

124 122 336 498 642      

124 122 340 498 632      

124 122 336 498 627      

124 122 327 498 622      

124 122 323 498 617      

124 122 323 498 617      

124 122 318 498 617      

124 122 314 498 612      

124 122 314 498 607      

124 122 309 498 602      

124 122 309 498 592      

124 122 309 498 587      

124 122 300 498 582      

124 122 296 498 572      

124 122 296 498 567      

124 122 300 498 567      

124 122 305 498 561      

124 122 300 498 556      

124 122 296 493 551      

124 122 296 488 546      

124 122 296 488 546      

124 122 296 488 546      

124 122 296 493 546      

124 122 300 498 541      

124 122 305 498 536      

124 122 305 498 536      

124 122 300 498 536      

124 122 296 498 536      

124 122 296 498 531      

124 122 296 498 526      

124 122 296 498 526      

124 122 300 498 526      

124 122 305 498 526      

124 122 305 498 526      

124 122 300 498 531      

124 122 296 498 531      

124 122 296 493 531      

124 122 296 488 536      

124 122 300 488 536      

124 122 300 488 536      

124 122 296 493 536      

124 122 296 493 536      

124 122 296 488 531      

124 122 296 488 526      

124 122 296 488 531      

124 122 296 493 536      

124 122 296 498 536      

124 122 296 498 536      

124 122 296 498 536      

124 122 296 493 536      

124 122 296 488 541      

124 122 300 488 546      

124 122 309 488 551      

124 122 314 493 561      

124 122 314 498 572      

124 122 318 498 582      

124 122 314 503 592      

124 122 314 508 597      

124 122 327 503 602      

124 122 327 503 612      

124 122 331 508 617      

124 122 340 508 622      

124 122 344 508 637      

124 122 344 508 652      

124 122 344 508 657      

124 122 358 508 662      

124 122 367 508 668      

124 122 371 513 673      

124 122 371 518 678      

124 122 376 518 678      

124 122 385 518 683      

124 122 385 513 688      

124 122 394 508 693      

124 122 411 508 698      

124 122 415 508 698      

124 122 415 513 703      

124 122 424 518 708      

124 122 433 518 708      

124 122 438 518 708      

124 122 438 518 713      

124 122 438 518 718      

124 122 442 518 718      

124 122 451 513 718      

124 122 460 508 718      

124 122 460 508 718      

124 122 456 508 718      

124 122 456 513 723      

124 122 465 518 728      

124 122 478 518 728      

124 122 486 513 728      

124 122 486 508 728      

124 122 486 508 728      

124 122 495 508 728      

124 122 509 508 728      

124 122 509 508 728      

124 122 504 508 728      

124 122 504 508 728      

124 122 495 508 728      

124 122 495 508 723      

124 122 495 508 718      

124 122 495 508 718      

124 122 500 508 718      

124 122 504 508 718      

124 122 509 508 723      

124 122 500 508 723      

124 122 500 508 718      

124 122 504 508 718      

124 122 500 508 718      

124 122 504 508 723      

124 122 504 503 728      

124 122 500 503 728      

124 122 509 508 728      

124 122 504 503 728      

124 122 491 498 728      

124 122 495 498 728      

124 122 500 493 728      

124 122 504 488 728      

124 122 509 483 728      

124 122 500 478 728      

124 122 486 478 728      

124 122 495 473 728      

124 122 504 468 728      

124 122 500 462 728      

124 122 500 457 723      

124 122 495 452 723      

124 122 495 447 723      

124 122 491 442 718      

124 122 495 432 718      

124 122 509 427 713      

124 122 504 427 708      

124 122 504 427 708      

124 122 495 422 708      

124 122 486 412 703      

124 122 491 402 703      

124 122 495 397 703      

124 122 500 397 698      

124 122 495 391 698      

124 122 495 381 693      

124 122 495 371 688      

124 122 486 361 688      

124 122 482 356 688      

124 122 482 351 688      

124 122 478 351 688      

124 122 474 351 678      

124 122 474 346 662      

124 122 474 341 657      

124 122 469 331 652      

124 122 465 320 647      

124 122 469 310 642      

124 122 474 305 632      

124 122 482 305 617      

124 122 478 305 607      

124 122 473 305 607      

124 122 473 305 602      

124 122 460 300 597      

124 122 460 295 597      

124 122 465 290 592      

124 122 473 285 587      

124 122 478 285 582      

124 122 478 285 572      

124 122 478 285 567      

124 122 478 285 561      

124 122 478 285 561      

124 122 478 285 561      

124 122 478 290 556      

124 122 478 290 556      

124 122 482 285 551      

124 122 478 285 546      

124 122 478 280 546      

124 122 478 275 546      

124 122 474 280 546      

124 122 478 285 546      

124 122 478 285 546      

124 122 487 285 541      

124 122 491 285 531      

124 122 473 285 526      

124 122 469 285 526      

124 122 469 285 526      

124 122 469 285 531      

124 122 474 280 536      

124 122 482 275 531      

124 122 495 275 526      

124 122 491 275 526      

124 122 486 275 526      

124 122 482 275 526      

124 122 474 280 526      

124 122 478 285 521      

124 122 482 285 516      

124 122 482 285 516      

124 122 486 285 511      

124 122 482 280 511      

124 122 474 275 516      

124 122 482 275 516      

124 122 486 275 516      

124 122 486 275 516      

124 122 486 275 516      

124 122 482 275 516      

124 122 482 275 516      

124 122 486 275 516      

124 122 495 275 516      

124 122 495 275 516      

124 122 482 275 516      

124 122 474 280 516      

124 122 482 285 516      

124 122 491 285 511      

124 122 491 285 506      

124 122 495 280 506      

124 122 491 275 506      

124 122 478 275 506      

124 122 478 275 511      

124 122 486 275 516      

124 122 482 275 521      

124 122 482 275 526      

124 122 482 275 526      

124 122 487 275 531      

124 122 495 280 531      

124 122 486 285 531      

124 122 478 285 536      

124 122 482 285 541      

124 122 486 285 556      

124 122 482 285 572      

124 122 482 280 582      

124 122 482 275 587      

124 122 473 280 587      

124 122 478 285 587      

124 122 486 290 587      

124 122 486 295 592      

124 122 482 295 597      

124 122 482 295 602      

124 122 486 295 607      

124 122 486 300 612      

124 122 486 305 622      

124 122 482 305 627      

124 122 486 310 627      

124 122 491 315 632      

124 122 491 315 637      

124 122 482 320 642      

124 122 478 331 652      

124 122 486 341 662      

124 122 495 346 668      

124 122 504 346 673      

124 122 500 351 678      

124 122 495 356 678      

124 122 504 361 683      

124 122 504 371 693      

124 122 500 376 698      

124 122 491 381 698      

124 122 486 386 703      

124 122 495 386 703      

124 122 495 391 698      

124 122 491 397 698      

124 122 491 402 698      

124 122 495 407 703      

124 122 504 417 713      

124 122 504 427 718      

124 122 500 432 718      

124 122 495 437 718      

124 122 495 442 718      

124 122 504 447 718      

124 122 509 447 723      

124 122 509 452 728      

124 122 509 457 728      

124 122 504 457 728      

124 122 504 457 723      

124 122 504 457 718      

124 122 513 457 718      

124 122 518 462 723      

124 122 509 468 728      

124 122 509 473 728      

124 122 513 478 728      

124 122 513 478 728      

124 122 509 478 728      

124 122 509 478 728      

124 122 500 483 728      

124 122 504 483 733      

124 122 518 483 738      

124 122 513 488 738      

124 122 504 493 733      

124 122 500 498 728      

124 122 500 498 733      

124 122 495 498 738      

124 122 495 498 733      

124 122 495 498 728      

124 122 495 498 728      

124 122 495 498 728      

124 122 495 498 728      

124 122 495 498 728      

124 122 491 498 728      

124 122 500 498 728      

