1 15
2 15
3 15
4 15
5 15
6 15
7 15
8 15
9 15
10 15
11 15
12 15
13 15
14 15
15 15
16 15
17 15
18 15
19 15
20 15
21 15
22 15
23 15
24 15
25 15
26 15
27 15
28 15
29 15
30 15
31 15
32 15
33 15
34 15
35 15
36 15
37 15
38 15
39 15
40 15
41 15
42 15
43 15
44 15
45 15
46 15
47 15
48 15
49 15
50 15
51 15
52 15
53 15
54 15
55 15
56 15
57 15
58 15
59 15
60 15
61 15
62 15
63 15
64 15
65 15
66 15
67 15
68 15
69 15
70 15
71 15
72 15
73 15
74 15
75 15
76 15
77 15
78 15
79 15
80 15
81 15
82 15
83 15
84 15
85 15
86 15
87 15
88 15
89 15
90 15
91 15
92 15
93 15
94 15
95 15
96 15
97 15
98 15
99 15
100 15
101 15
102 15
103 15
104 15
105 15
106 15
107 15
108 15
109 15
110 15
111 15
112 15
113 15
114 15
115 15
116 15
117 15
118 15
119 15
120 15
121 15
122 15
123 15
124 15
125 15
126 15
127 15
128 15
129 15
130 15
131 15
132 15
133 15
134 15
135 15
136 15
137 15
138 15
139 15
140 15
141 15
142 15
143 15
144 15
145 15
146 15
147 15
148 15
149 15
150 15
151 15
152 15
153 15
154 15
155 15
156 15
157 15
158 15
159 15
160 15
161 15
162 15
163 15
164 15
165 15
166 15
167 15
168 15
169 15
170 15
171 15
172 15
173 15
174 15
175 15
176 15
177 15
178 15
179 15
180 15
181 15
182 15
183 15
184 15
185 15
186 15
187 15
188 15
189 15
190 15
191 15
192 15
193 15
194 15
195 15
196 15
197 15
198 15
199 15
200 15
201 15
202 15
203 15
204 15
205 15
206 15
207 15
208 15
209 15
210 15
211 15
212 15
213 15
214 15
215 15
216 15
217 15
218 15
219 15
220 15
221 15
222 15
223 15
224 15
225 15
226 15
227 15
228 15
229 15
230 15
231 15
232 15
233 15
234 15
235 15
236 15
237 15
238 15
239 15
240 15
241 15
242 15
243 15
244 15
245 15
246 15
247 15
248 15
249 15
250 15
251 15
252 15
253 15
254 15
255 15
256 15
257 15
258 15
259 15
260 15
261 15
262 15
263 15
264 15
265 15
266 15
267 15
268 15
269 15
270 15
271 15
272 15
273 15
274 15
275 15
276 15
277 15
278 15
279 15
280 15
281 15
282 15
283 15
284 15
285 15
286 15
287 15
288 15
289 15
290 15
291 15
292 15
293 15
294 15
295 15
296 15
297 15
298 15
299 15
300 15
301 15
302 15
303 15
304 15
305 15
306 15
307 15
308 15
309 15
310 15
311 15
312 15
313 15
314 15
315 15
316 15
317 15
318 15
319 15
320 15
321 15
322 15
323 15
324 15
325 15
326 15
327 15
328 15
329 15
330 15
331 15
332 15
333 15
334 15
335 15
336 15
337 15
338 15
339 15
340 15
341 15
342 15
343 15
344 15
345 15
346 15
347 15
348 15
349 15
350 15
351 15
352 15
353 15
354 15
355 15
356 15
357 15
358 15
359 15
1 23
2 23
3 23
4 23
5 23
6 23
7 23
8 23
9 23
10 23
11 23
12 23
13 23
14 23
15 23
16 23
17 23
18 23
19 23
20 23
21 23
22 23
23 23
24 23
25 23
26 23
27 23
28 23
29 23
30 23
31 23
32 23
33 23
34 23
35 23
36 23
37 23
38 23
39 23
40 23
41 23
42 23
43 23
44 23
45 23
46 23
47 23
48 23
49 23
50 23
51 23
52 23
53 23
54 23
55 23
56 23
57 23
58 23
59 23
60 23
61 23
62 23
63 23
64 23
65 23
66 23
67 23
68 23
69 23
70 23
71 23
72 23
73 23
74 23
75 23
76 23
77 23
78 23
79 23
80 23
81 23
82 23
83 23
84 23
85 23
86 23
87 23
88 23
89 23
90 23
91 23
92 23
93 23
94 23
95 23
96 23
97 23
98 23
99 23
100 23
101 23
102 23
103 23
104 23
105 23
106 23
107 23
108 23
109 23
110 23
111 23
112 23
113 23
114 23
115 23
116 23
117 23
118 23
119 23
120 23
121 23
122 23
123 23
124 23
125 23
126 23
127 23
128 23
129 23
130 23
131 23
132 23
133 23
134 23
135 23
136 23
137 23
138 23
139 23
140 23
141 23
142 23
143 23
144 23
145 23
146 23
147 23
148 23
149 23
150 23
151 23
152 23
153 23
154 23
155 23
156 23
157 23
158 23
159 23
160 23
161 23
162 23
163 23
164 23
165 23
166 23
167 23
168 23
169 23
170 23
171 23
172 23
173 23
174 23
175 23
176 23
177 23
178 23
179 23
180 23
181 23
182 23
183 23
184 23
185 23
186 23
187 23
188 23
189 23
190 23
191 23
192 23
193 23
194 23
195 23
196 23
197 23
198 23
199 23
200 23
201 23
202 23
203 23
204 23
205 23
206 23
207 23
208 23
209 23
210 23
211 23
212 23
213 23
214 23
215 23
216 23
217 23
218 23
219 23
220 23
221 23
222 23
223 23
224 23
225 23
226 23
227 23
228 23
229 23
230 23
231 23
232 23
233 23
234 23
235 23
236 23
237 23
238 23
239 23
240 23
241 23
242 23
243 23
244 23
245 23
246 23
247 23
248 23
249 23
250 23
251 23
252 23
253 23
254 23
255 23
256 23
257 23
258 23
259 23
260 23
261 23
262 23
263 23
264 23
265 23
266 23
267 23
268 23
269 23
270 23
271 23
272 23
273 23
274 23
275 23
276 23
277 23
278 23
279 23
280 23
281 23
282 23
283 23
284 23
285 23
286 23
287 23
288 23
289 23
290 23
291 23
292 23
293 23
294 23
295 23
296 23
297 23
298 23
299 23
300 23
301 23
302 23
303 23
304 23
305 23
306 23
307 23
308 23
309 23
310 23
311 23
312 23
313 23
314 23
315 23
316 23
317 23
318 23
319 23
320 23
321 23
322 23
323 23
324 23
325 23
326 23
327 23
328 23
329 23
330 23
331 23
332 23
333 23
334 23
335 23
336 23
337 23
338 23
339 23
340 23
341 23
342 23
343 23
344 23
345 23
346 23
347 23
348 23
349 23
350 23
351 23
352 23
353 23
354 23
355 23
356 23
357 23
358 23
359 23
